signet=1

[signet]

rpcauth=bitcoin:c8c8b9740a470454255b7a38d4f38a52$e8530d1c739a3bb0ec6e9513290def11651afbfd2b979f38c16ec2cf76cf348a
txindex=1
server=1

fallbackfee=0.00000001
paytxfee=0.00001000
maxtxfee=1.0
mintxfee=0.00000001

rpcbind=0.0.0.0:38332
rpcallowip=0.0.0.0/0
whitelist=0.0.0.0/0

maxconnections=40
maxuploadtarget=5000

# Network
torpassword=bitcoin
listen=1
listenonion=1
proxy=127.0.0.1:9050
bind=127.0.0.1
onlynet=onion

zmqpubrawblock=tcp://0.0.0.0:28332
zmqpubrawtx=tcp://0.0.0.0:28333
zmqpubhashblock=tcp://0.0.0.0:28334

signetchallenge=00000000
